<?xml version="1.0" encoding="UTF-8" standalone="no"?>
<!-- Created with Inkscape (http://www.inkscape.org/) -->

<svg
   width="100mm"
   height="100mm"
   viewBox="0 0 100 100"
   version="1.1"
   id="svg1"
   inkscape:version="1.4.2 (ebf0e940, 2025-05-08)"
   sodipodi:docname="icon-p-1"
   xmlns:inkscape="http://www.inkscape.org/namespaces/inkscape"
   xmlns:sodipodi="http://sodipodi.sourceforge.net/DTD/sodipodi-0.dtd"
   xmlns="http://www.w3.org/2000/svg"
   xmlns:svg="http://www.w3.org/2000/svg">
  <sodipodi:namedview
     id="namedview1"
     pagecolor="#ffffff"
     bordercolor="#000000"
     borderopacity="0.25"
     inkscape:showpageshadow="2"
     inkscape:pageopacity="0.0"
     inkscape:pagecheckerboard="0"
     inkscape:deskcolor="#d1d1d1"
     inkscape:document-units="mm"
     showgrid="false"
     inkscape:zoom="1.8101934"
     inkscape:cx="164.6233"
     inkscape:cy="241.41068"
     inkscape:window-width="1440"
     inkscape:window-height="847"
     inkscape:window-x="0"
     inkscape:window-y="25"
     inkscape:window-maximized="1"
     inkscape:current-layer="svg1" />
  <defs
     id="defs1" />
  <g
     inkscape:groupmode="layer"
     id="layer3"
     inkscape:label="Layer 3" />
  <g
     inkscape:label="Layer 1"
     inkscape:groupmode="layer"
     id="layer1" />
  <g
     inkscape:groupmode="layer"
     id="layer2"
     inkscape:label="Layer 2"
     style="display:inline">
    <rect
       style="display:inline;fill:#f1f5f9;fill-opacity:1;stroke:none;stroke-width:0.281;stroke-opacity:1;stroke-dasharray:none"
       id="rect6"
       width="99.718681"
       height="99.718689"
       x="0.14065933"
       y="0.14065552" />
  </g>
  <path
     style="fill:#6366f1;fill-opacity:1;stroke:#6366f1;stroke-width:0.499999;stroke-dasharray:none;stroke-dashoffset:0;stroke-opacity:1"
     d="M 12.874861,86.445491 C 11.413956,66.192391 8.425785,43.13309 10.42107,16.831657 10.673183,12.745679 58.691878,5.5729665 76.974438,15.777636 102.62734,30.096167 92.602157,83.475125 61.300607,74.128563 48.028545,70.165559 30.014486,64.881839 23.550783,68.64944 c -5.33585,3.110193 4.194676,11.008294 5.559865,16.745551 2.369794,9.959142 -15.72026,10.631048 -16.235787,1.0505 z"
     id="path6"
     sodipodi:nodetypes="ccssssc" />
  <path
     style="fill:#ffffff;fill-opacity:1;stroke:none;stroke-width:0.281001;stroke-linecap:round;stroke-linejoin:round;stroke-dasharray:none;stroke-dashoffset:0;stroke-opacity:1;paint-order:stroke fill markers"
     id="path36"
     d="m 62.738682,57.029963 c -0.110837,0.166894 -0.242007,0.321945 -0.332505,0.500684 -0.505412,0.998207 -0.537194,2.227064 -0.159808,3.272798 0.130754,0.362321 0.329845,0.696196 0.494768,1.044295 0.680895,0.874035 0.769324,1.15488 1.762808,1.734079 1.432197,0.834969 3.119821,0.759537 4.664223,0.237231 0.379695,-0.128411 0.635566,-0.488556 0.953347,-0.732835 0.238005,-0.327869 0.527809,-0.623785 0.71402,-0.983605 0.581329,-1.123328 0.605732,-2.754392 0.306676,-3.966485 -0.06507,-0.263734 -0.164584,-0.517758 -0.246878,-0.776634 -0.125211,-0.255564 -0.22865,-0.522999 -0.375631,-0.766694 -0.385845,-0.639728 -1.058402,-1.365766 -1.666192,-1.799008 -0.548376,-0.39089 -0.798767,-0.450283 -1.42996,-0.712028 -1.11929,-0.180991 -1.217348,-0.266983 -2.707134,0.11352 -0.298463,0.07623 -0.545206,0.290772 -0.795417,0.470453 -0.35215,0.252889 -0.833782,0.732917 -1.106596,1.08568 -0.138367,0.178917 -0.249666,0.377217 -0.374497,0.565825 -0.483145,0.920591 -0.681389,1.978467 -0.49403,3.009204 0.02966,0.16315 0.08825,0.319691 0.132377,0.479539 0.09762,0.202203 0.178173,0.41357 0.292854,0.60661 0.270923,0.456039 0.667843,0.834914 1.055129,1.188011 0.07175,0.06541 0.136477,0.139245 0.21445,0.197096 0.102759,0.07625 0.216988,0.135676 0.325483,0.203515 1.073274,0.411607 1.655479,0.492773 2.978062,0.351967 0.388842,-0.0414 0.846053,-0.529587 1.092745,-0.745879 0.47969,-0.554259 0.79225,-1.253574 0.94402,-1.970508 0.05943,-0.280728 0.06503,-0.603551 0.07967,-0.888672 -0.024,-0.464727 -0.216077,-0.861314 -0.41062,-1.272251 -0.07877,-0.281726 -4.062968,0.832252 -3.984196,1.113978 v 0 c -0.0396,-0.07193 -0.06206,-0.156446 -0.118809,-0.215792 -0.09241,-0.09664 -0.140187,0.292817 -0.152318,0.302572 0.0067,0.111924 -0.0097,0.227275 0.01815,0.335889 0.0073,0.02852 0.0404,0.04492 0.05017,0.0727 0.0088,0.02487 -0.01503,0.09802 0.0032,0.07899 0.123084,-0.128595 0.161759,-0.324239 0.311997,-0.433395 0.03558,-0.03169 0.406966,-0.400704 0.539178,-0.406482 0.516988,-0.0226 1.035008,0.02201 1.551504,0.0539 0.0366,0.0024 0.06356,0.03852 0.09898,0.04801 0.01669,0.0045 -0.02703,-0.02159 -0.04055,-0.03237 -0.05463,-0.03606 -0.109252,-0.07211 -0.163878,-0.108164 -0.05832,-0.01924 -0.474855,-0.159353 -0.504333,-0.156001 -0.0396,0.0045 -0.02304,0.07916 -0.01632,0.118438 0.03173,0.184922 0.103605,0.208447 0.185928,0.374139 0.03964,0.07978 0.0663,0.165381 0.09945,0.248071 0.02405,-0.05778 -0.03038,0.127069 0.03854,0.07413 0.07596,-0.05834 0.245057,-0.311063 0.268073,-0.342887 0.01167,-0.02008 0.175951,-0.29473 0.174268,-0.319257 -0.0019,-0.02677 -0.05047,0.01897 -0.07364,0.0325 -0.06844,0.03998 -0.122087,0.11675 -0.200591,0.127698 -1.311828,0.18297 -1.124614,0.46894 -1.375601,-0.02003 -0.01534,-0.05082 -0.04524,-0.09938 -0.04605,-0.152459 -0.0011,-0.06285 0.132847,-0.05486 0.152077,-0.01188 0.09083,0.20293 0.09892,0.438552 0.240925,0.621963 0.07337,0.178266 0.374292,1.028846 0.563819,1.121376 0.05043,0.02461 0.09832,-0.06 0.131225,-0.105463 0.06217,-0.08588 0.09911,-0.187452 0.148662,-0.28118 0.06327,-0.08625 0.126536,-0.172506 0.189806,-0.258758 0.367552,-0.529391 0.168574,-0.353406 1.434568,-0.328594 0.06286,0.0013 -0.07017,0.106027 -0.117099,0.147865 -0.05839,0.05205 -0.132209,0.08387 -0.195061,0.130432 -0.260795,0.19318 -0.06141,0.105817 -0.354306,0.196305 -0.04725,-0.0024 -0.104789,0.02246 -0.141751,-0.0071 -0.06511,-0.05202 -0.08981,-0.140431 -0.132472,-0.212016 -0.08885,-0.149106 -0.243776,-0.559872 -0.395374,-0.631775 -0.05342,-0.02535 -0.118002,-0.0076 -0.177004,-0.01138 0.11384,-0.277365 -3.808706,-1.887292 -3.922543,-1.609924 z" />
</svg>
